,19-

Chimaera 490

0111661180

0111616 monstrum 251 signum

Cilix capricornus 1252

019111811 111 oio
1199 161166 1541 Orionis
1375 piscium 806 [66116 1643

cinis 1774518

circulus 275. 543. 650. 718.
947. 961. 965. 977. 990.
1059. 1484. 1516. 1526.
16401698

01116 76

616666 807 ·

Cnidius 102 senex 53

Cocytus 210 ’

comae stellarum 1687

66616166 594, 1813

cornipes 661166 475. 485. 506.
645 6611161666 883. 1266
6661οα11116 846

cornix 1704. 1742. 1759

corona 199. 247. 1080. 1083.
11501211

00161 1715. 1743

6616116900. 1005

crabrones 1790

616161899. 1005. 1123

016616129

01616108

0161666111 pecus 407

0616166112

cygneum caput 635

ey 66 636. 1153. 1258

Cy lenaeo lyra 1116

Cynosura 122. 124, 135. 685.

Cynosuris ursa 443. 509

Cynthia 1333. 1146. 1461.
1471. 1490. 1500

defixae 6161166 929
161ἓ1ἒ10616(6616116) 700. 1117.

deltoton 528

Dercetis 541

066661166666 611116 218117

0161666 rupes 113

016 95. 210

06116 1207

draco 140. 147. 160. 169. 201.
449 Herculis 193

8116116666. 583. 587

666161 1567 pars 1310

66661 6116619141161661 1115s16

6666166166875616116661079180
Oceanus 1141. 1220121

Eous 1661624

66116 primo syllaba 1116616616
914. 1310. 1567611166 syl·
1606 correpto 166. 8751079.
1115. 1141, 1220. 1624

6616516666. 641, 661. 666

Epidaurea sedes 207

equinus 16161 497

equus (6666) 472. 485. 503.
511. 545. 643. 959. 1009.
1154. 1262

Erebus 30. 95. 214.

Erichthonius 410

Eridanus 783. 795. 803. 1102.
1120. 1168

Erigone 962. 1113

611156661764

66166 878 oie. 1532.1688.1693

expers 6661 6666116661 6016-
11661625

16666166 1694

1616 1215

fera flabra 1474

florum 66116616. 1686
fluctiganurn monstrum 1158
flumen 776. 780 Ι
formica 1709

frigus pluuiale 1839

fringuilla 1761 .
fulgoris pro fulguris 871. 1430

 

